Taker : 34131, Maker: 341234, Amount : 5, Crypto : BTC

Taker : 5125059839, Maker: 596651102, Amount : 3.896103896103896, Crypto : USDT

Taker : 5125059839, Maker: 596651102, Amount : 5.636363636363637, Crypto : USDT

Taker : 5125059839, Maker: 596651102, Amount : 5, Crypto : USDT